# Input file deck for STG 
delta0  = 8.672635135719999E-003
lx      = 0.000000000000000E+000  
ly      = 5.000000000000000E-002
lz      = 3.000000000000000E-002
ub0     = 69.5824635769000 
xinflow = 0.000000000000000E+000  
yinflow = 0.000000000000000E+000
zinflow = 0.000000000000000E+000
xint    = 0.000000000000000E+000
xlinf   = 1.00000000000000
qinfd   = 1.00000000000000
rhoinf  = 1.00000000000000
lGenerateSEM = true
